# unix_time, cycles_done, cur_path, paths_total, pending_total, pending_favs, map_size, unique_crashes, unique_hangs, max_depth, execs_per_sec
1681295256, 34, 0, 2, 0, 0, 12.50%, 1, 0, 1, 7418.58, 23652
1681295261, 44, 1, 2, 0, 0, 12.50%, 1, 0, 1, 4869.72, 44688
1681295266, 54, 1, 2, 0, 0, 12.50%, 1, 0, 1, 4211.18, 65224
1681295272, 64, 1, 2, 0, 0, 12.50%, 1, 0, 1, 4129.01, 86128
1681295277, 74, 0, 2, 0, 0, 12.50%, 1, 0, 1, 3957.08, 105498
1681295282, 82, 1, 2, 0, 0, 12.50%, 1, 0, 1, 3425.48, 122896
1681295287, 92, 1, 2, 0, 0, 12.50%, 1, 0, 1, 3964.82, 143386
1681295292, 102, 0, 2, 0, 0, 12.50%, 1, 0, 1, 3840.69, 163076
1681295294, 105, 0, 2, 0, 0, 0.00%, 1, 0, 1, 0.00, 169302
